Missing THZC Gaia DR2 IDs in Gaia DR3:
{
2154880616773521408,
1706789255761118720,
5282665634977550336,
2249923909413529088,
4758231784330790400,
5278581395956991488,
5281240809645383168,
4514347014274847744,
1630004964314534400,
2294906583665886208,
5281128556380325888,
4663307853131796992,
2294486020467763968,
2259246427983112320,
1420338988934295680,
5269878727064944256,
4650026882244157056,
5638902733762157184,
4744710746248039040,
5496225702586778752,
4627857193068402816,
2149236548709358720,
4771322535412540544,
4516795626642787456,
4676337577019135488,
5280405112089712128,
1640339239744469760,
2131364326500473856,
1366580223320227072,
5280169674863025152,
1413749615749381888,
1437390180898591488,
4393265392167891712,
5480107175657927936,
5495260125218298624,
4756032211333231872,
5267185649426859264,
1647505341137454848,
1408148561782661376,
2154880616772528384,
4676145235498113280,
4766537800110255360,
4810594479417465600,
2252152726855794944,
1400064922231603968,
4656685249781047808,
2246688978699232256,
5269556260919355392,
786834302079285632,
2220351174085856000,
522864272037653504,
2183807118442110720,
1411178510887026048,
4721111481504251264,
3098328216938651264,
5603712310052695552,
1286617862236026240,
1629920439358308736,
5283595138921488768,
5783027130236367744,
5283353345142945664,
1600296125772104576,
2147303435469266816,
5285068518859433344,
5482964565859653504,
1417352474835467648,
4780033656802302848,
4767281177344371584,
1395761158842406144,
1909518584080107904,
4775349840346593792,
4567274927016803328,
2228253123641146880,
1706907487620624000,
2238207655242391296,
1282073374517759872
}
